37.241337 127.0870324
37.2413581 127.0839445
37.2474244 127.0770648
37.2402868 127.0801864
37.2403929 127.0833689
37.2424946 127.0806298
37.2426446 127.0816606
37.2423149 127.0808497
37.240197 127.0848831
37.2408522 127.0827497
37.2383302 127.082696
37.2399486 127.0834598
37.2402432 127.0827097
37.2435353 127.0806028
37.2390098 127.0822527
37.2402585 127.0819409
37.239695 127.0818642
37.2421593 127.0807022
37.2456562 127.0765936
37.2440423 127.0791503
37.2444581 127.0769604
37.2472 127.077257
37.2397829 127.0818577
37.2410945 127.0829579
37.2438693 127.0791754
37.2446323 127.0783417
37.2471241 127.0803848
37.246033 127.0776979
37.2418092 127.085074
37.240858 127.0825034
37.2425034 127.0808124
37.2397758 127.0841025
37.2447158 127.0769227
37.2413626 127.0876396
37.2470496 127.0807737
37.2423805 127.0814489
37.2399475 127.0819255
37.2463798 127.0768313
37.2461743 127.0799824
37.2418758 127.0850035
37.240544 127.0826636
37.2418219 127.0809827
37.240558 127.0842038
37.2429147 127.0781837
37.2415242 127.0805886
37.2420018 127.0807859
37.2402838 127.0800769
37.2479256 127.080415
37.2440622 127.0798551
37.2446298 127.076935
37.2460225 127.0804894
37.2402258 127.0835885
37.2399465 127.0810951
37.239929 127.0814264
37.2456913 127.0772457
37.2446277 127.0773058
37.2435762 127.0795278
37.2466235 127.0767685
37.2424818 127.0817813
37.2433613 127.0806363
37.2477232 127.0792908
37.2476895 127.0777235
37.2413413 127.0852426
37.241465 127.080685
37.2390622 127.0821658
37.2468459 127.0784051
37.2437196 127.0791703
37.246522 127.0799575
37.2413557 127.0840544
37.2391403 127.0821844
37.2399534 127.0809848
37.240216 127.0841377
37.2476888 127.0772423
37.2434007 127.0789001
37.2474209 127.0769549
37.240228 127.0834786
37.2402323 127.0832589
37.2489922 127.0829183
37.2386957 127.0830681
37.2414163 127.0792357
37.2455657 127.0803087
37.2486213 127.0820053
37.247552 127.0786927
37.2399472 127.0835675
37.2431531 127.0811328
37.2430579 127.0837211
37.242638 127.080915
37.2488071 127.0824293
37.2421997 127.0846387
37.2450083 127.0785715
37.2422762 127.0816779
37.2403221 127.0839278
37.2423573 127.0819275
37.2459108 127.0799858
37.2399791 127.0824918
37.2382075 127.0791909
37.2447354 127.0778805
37.2404704 127.0841994
37.2415788 127.082114
37.2441008 127.0829443
37.2404036 127.0793367
37.2476886 127.077122
37.2468454 127.0809494
37.2476877 127.0765206
37.2466633 127.0768718
37.241438 127.0799921
37.2447131 127.0779971
37.241417 127.0810903
37.2406777 127.0832452
37.2474672 127.0784039
37.2406802 127.0831333
37.244705 127.0775237
37.240285 127.0857374
37.2402065 127.0845637
37.2392674 127.0839422
37.2416101 127.080375
37.2462701 127.0781473
37.2462681 127.0780382
37.2422404 127.080668
37.2412119 127.0864422
37.2402629 127.0817212
37.2396293 127.081768
37.2431371 127.0813958
37.2463063 127.0777279
37.240912 127.0834357
37.2435371 127.0758836
37.2404021 127.0827918
37.239335 127.0827834
37.2402782 127.0810622
37.2433512 127.0834851
37.2419428 127.0849338
37.2425801 127.0806243
37.2410783 127.0856725
37.247201 127.0784027
37.2429522 127.0782941
37.2414015 127.0815294
37.2430142 127.0772931
37.2434662 127.077107
37.2449224 127.0785887
37.2447311 127.0777608
37.2471122 127.0784012
37.2470619 127.0792088
37.2460627 127.0809657
37.2411206 127.0822998
37.2493209 127.0837016
37.2410842 127.0831772
37.24084 127.0850844
37.2395824 127.0825043
37.2391859 127.0839022
37.2442425 127.079839
37.2446486 127.0785769
37.2408773 127.0821404
37.2435763 127.0833234
37.2456492 127.0780234
37.241342 127.0847249
37.2402043 127.0846702
37.2474173 127.076845
37.2410992 127.0861312
37.2428574 127.07783
37.2457025 127.078494
37.246863 127.077058
37.247553 127.077605
37.2423859 127.0810206
37.2402519 127.0822704
37.2461244 127.0776904
37.2426943 127.0813328
37.2456807 127.0769185
37.2439557 127.0791613
37.2387689 127.0840711
37.2460032 127.0778334
37.2456735 127.0767006
37.2396044 127.0813008
37.245862 127.0777071
37.2443886 127.0791015
37.2420084 127.084862
37.2456753 127.0808326
37.2416206 127.0802542
37.2408243 127.0834352
37.2412537 127.0865317
37.2413813 127.0828462
37.2429069 127.0838298
37.2403855 127.0834324
37.2431547 127.0810216
37.2402703 127.0813917
37.2431829 127.0806327
37.2402879 127.0799672
37.240241 127.0828196
37.2400225 127.0819832
37.2466686 127.0784159
37.2458512 127.0764071
37.2404518 127.0792449
37.2463495 127.0799663
37.2421357 127.0847128
37.2467572 127.0784107
37.243573 127.0797509
37.2473021 127.0807639
37.2413914 127.0824068
37.2412941 127.0866209
37.2398682 127.0818787
37.2413697 127.0833953
37.2410138 127.0790841
37.2403004 127.0802949
37.2408434 127.0829959
37.2474313 127.077836
37.2470903 127.0800548
37.2432761 127.0771447
37.2402546 127.0821134
37.2474138 127.0767351
37.2458888 127.0809703
37.2413435 127.0845136
37.2471407 127.0766546
37.2432062 127.0836062
37.2413604 127.0838347
37.2463571 127.07646
37.2378812 127.0827572
37.2465871 127.0805629
37.2410067 127.0841548
37.2465889 127.0775865
37.2459757 127.0809674
37.2413408 127.0850594
37.2387913 127.0832575
37.2470509 127.0788789
37.2461087 127.0763604
37.2414292 127.0804314
37.2458141 127.0780372
37.2429469 127.0773787
37.2406901 127.0826858
37.2386931 127.0841436
37.247552 127.0788136
37.2416649 127.0820908
37.2474372 127.0808897
37.242379 127.081556
37.2475525 127.0768799
37.2440389 127.0770194
37.2405422 127.0823504
37.2476437 127.0796487
37.2460865 127.0799849
37.2471601 127.0805658
37.2465426 127.0767061
37.2454844 127.0794871
37.2456984 127.0774638
37.2456772 127.0768095
37.2423807 127.0813418
37.2413855 127.0819684
37.2378722 127.0835817
37.240461 127.0823809
37.2428695 127.0779495
37.2422625 127.0845631
37.2456105 127.0805189
37.245823 127.0799864
37.2419352 127.0816443
37.2413724 127.0854249
37.2421438 127.0808426
37.2379492 127.0836511
37.2484813 127.0816879
37.240908 127.0842208
37.2377542 127.0833967
37.2490331 127.0830164
37.2412295 127.0821553
37.2418115 127.0815155
37.2462366 127.0809651
37.2463236 127.0809639
37.2411737 127.0839524
37.2431846 127.0771822
37.2470761 127.0796318
37.2429225 127.0806285
37.2474408 127.0780559
37.2414217 127.0808707
37.2446447 127.0788263
37.2446542 127.0782251
37.2407035 127.0848535
37.2389662 127.0823471
37.2492786 127.0836045
37.2456156 127.0785002
37.2395867 127.0814081
37.2477864 127.0800971
37.240733 127.0842123
37.2459351 127.076377
37.244327 127.077028
37.2414519 127.0793351
37.2457754 127.0764598
37.2424945 127.0813395
37.2476725 127.0797641
37.2400221 127.082176
37.2429809 127.083772
37.2418385 127.082053
37.2408371 127.0832423
37.246262 127.0799758
37.2394175 127.0827512
37.2399956 127.0822777
37.2394334 127.084012
37.2474239 127.0773954
37.2464106 127.0809621
37.243586 127.0800853
37.2408672 127.0839515
37.2388769 127.0832893
37.2380326 127.079229
37.2475497 127.0766382
37.2403997 127.0830121
37.2381453 127.0826488
37.2407995 127.0848643
37.2446858 127.078112
37.2413511 127.084274
37.2467584 127.0809526
37.2407011 127.0821353
37.247706 127.0798774
37.2474415 127.0782763
37.241365 127.083615
37.2466406 127.0804846
37.2476912 127.0788062
37.2467818 127.0799365
37.247368 127.077678
37.2410095 127.0840451
37.2456716 127.0777883
37.2459808 127.0780296
37.2379608 127.0826934
37.2402981 127.0797478
37.2405401 127.0831059
37.2390361 127.0839458
37.2414226 127.080651
37.2407365 127.0834346
37.2395914 127.0816706
37.2418567 127.0816031
37.2396512 127.0839039
37.2466761 127.0802798
37.2414536 127.0796631
37.245095 127.078561
37.239918 127.0815358
37.2448936 127.075908
37.2407892 127.0821377
37.2413766 127.0830658
37.2407763 127.0839492
37.2464438 127.07726
37.2459413 127.0801943
37.2409654 127.0821434
37.2410647 127.0858146
37.2431623 127.0807227
37.2405945 127.0839429
37.2399345 127.0813159
37.2461497 127.0809662
37.2402058 127.085278
37.2431032 127.0786012
37.2470725 127.0795261
37.2418088 127.0813033
37.240561 127.0834335
37.2402753 127.081172
37.2417404 127.085141
37.2377224 127.0832853
37.2404659 127.084441
37.2429863 127.0817775
37.2379453 127.0792492
37.2406455 127.0842082
37.2487143 127.0822172
37.23994 127.0812055
37.2475474 127.0765174
37.2410634 127.0859232
37.2483874 127.0814766
37.2454576 127.0787186
37.2423816 127.0812347
37.2397929 127.0816077
37.2453552 127.0785298
37.2438158 127.083193
37.2396334 127.0811973
37.2390695 127.0825245
37.2491147 127.0832125
37.2445399 127.0789995
37.2428922 127.0817735
37.2399469 127.0841493
37.242431 127.08187
37.2414926 127.0821367
37.2471433 127.0804819
37.2386254 127.0829882
37.2466289 127.0771134
37.2402678 127.0815015
37.2410892 127.084609
37.2457308 127.0780411
37.2456967 127.0765063
37.2465819 127.0776724
37.2409259 127.0790813
37.2432784 127.0835452
37.2434214 127.0834204
37.2396038 127.0840609
37.247553 127.0773633
37.247047 127.077105
37.2416044 127.0796474
37.2476904 127.078325
37.2469807 127.0764996
37.2413789 127.082956
37.2466715 127.0809557
37.2405381 127.0833271
37.2399778 127.0825995
37.2413488 127.0843839
37.2470344 127.0786234
37.2408315 127.0844486
37.241276 127.0791114
37.2413939 127.0817489
37.2418115 127.0811963
37.2442158 127.0791289
37.2445975 127.078918
37.2434504 127.0806322
37.241814 127.0810892
37.2426313 127.0813071
37.241433 127.0803216
37.2456976 127.0775729
37.2426261 127.0815449
37.2424922 127.0814504
37.2402824 127.0809525
37.2456949 127.0773548
37.2470657 127.0765646
37.2469938 127.0808571
37.2454729 127.0791577
37.2459636 127.0784775
37.2458029 127.0809615
37.2378144 127.0828413
37.2465037 127.0805735
37.246955 127.07707
37.2424992 127.0811176
37.239642 127.0820719
37.2424503 127.0843357
37.2439551 127.0830625
37.2385248 127.0831426
37.2490739 127.0831145
37.2449905 127.0759078
37.2469606 127.079921
37.2395652 127.0839
37.23995 127.0833521
37.246697 127.0800718
37.2404993 127.0850898
37.2486679 127.0821112
37.2411653 127.0844946
37.242072 127.0847873
37.2391092 127.0837195
37.2447967 127.075908
37.2411854 127.0836273
37.2423284 127.0844918
37.2410313 127.0834979
37.2455287 127.0785084
37.2446029 127.075907
37.2419225 127.0808257
37.2464298 127.077575
37.2459224 127.077837
37.237729 127.083051
37.2485745 127.0818996
37.2413674 127.087518
37.2402193 127.083918
37.2432721 127.080635
37.2391902 127.0826834
37.2402497 127.0823802
37.2406626 127.079078
37.2474383 127.0779458
37.2438062 127.0792792
37.2430964 127.0772306
37.2451819 127.078552
37.238051 127.0826582
37.2436362 127.0793212
37.2413545 127.0791587
37.2406131 127.0821329
37.2454874 127.0795969
37.2410759 127.0833827
37.2403609 127.0794328
37.2463363 127.0805644
37.2404369 127.0821267
37.2415313 127.0853374
37.2431581 127.0808153
37.2404417 127.0848443
37.2402214 127.0838081
37.2435768 127.0798624
37.2402236 127.0836983
37.2414569 127.0795533
37.2428922 127.0774775
37.2476192 127.0795319
37.2436416 127.0790994
37.2402086 127.0844572
37.2413894 127.0818586
37.2428697 127.0763177
37.2440239 127.0829957
37.2421853 127.0819746
37.2454419 127.0785184
37.2441351 127.077012
37.2385567 127.0829062
37.2420802 127.0807429
37.2457352 127.0799894
37.2474257 127.077175
37.2475467 127.0810501
37.2473784 127.0784009
37.2411767 127.083844
37.2378076 127.0834948
37.2473641 127.0808364
37.2410742 127.0860361
37.2436105 127.0804183
37.2413836 127.0827363
37.2465909 127.0774745
37.2456443 127.0807321
37.2435932 127.0805251
37.2396901 127.0840799
37.2427225 127.0817021
37.2401207 127.0841734
37.246415 127.077045
37.2463597 127.0767251
37.2465845 127.0809588
37.2378572 127.0792631
37.2411058 127.0827387
37.240545 127.082553
37.2472897 127.0784007
37.2391239 127.0838295
37.2420199 127.0816595
37.2472386 127.0806936
37.2427106 127.0840457
37.2394873 127.0826859
37.2473157 127.0767286
37.2396593 127.0819645
37.2409952 127.0850504
37.2424091 127.0806362
37.2421807 127.0767038
37.2430461 127.0785046
37.2396105 127.0822879
37.2478777 127.0803101
37.2464912 127.0784251
37.2420984 127.0819928
37.2413627 127.0837249
37.2429985 127.0783998
37.247553 127.0770007
37.2410895 127.0830675
37.2435947 127.0801963
37.2411753 127.0834374
37.2377128 127.0831676
37.2410057 127.0843745
37.2466036 127.0799525
37.2389261 127.0820889
37.2402653 127.0816113
37.238489 127.0828231
37.2401962 127.0851847
37.2457896 127.0784885
37.2412975 127.086794
37.2402345 127.0831491
37.238415 127.0827491
37.247552 127.0785718
37.240526 127.0848462
37.2436574 127.0832833
37.2414119 127.0812
37.2454992 127.0799234
37.2423239 127.0806457
37.2476899 127.0779641
37.2434954 127.0833642
37.2414065 127.0814197
37.239956 127.0830291
37.2469346 127.0784016
37.2462645 127.0779292
37.2415812 127.0804907
37.2475675 127.0791754
37.241115 127.0825193
37.240201 127.0849876
37.2410189 127.0836059
37.2477014 127.0790491
37.2389864 127.0821466
37.2404732 127.083433
37.2454806 127.0793773
37.2437546 127.0770818
37.2427876 127.0813584
37.2470973 127.0802663
37.244661 127.0795258
37.2402945 127.0848467
37.2410534 127.0821474
37.2460216 127.0763648
37.2456842 127.0770276
37.2446241 127.0784611
37.2428907 127.078067
37.2458766 127.078483
37.2428403 127.0839
37.2455519 127.0802013
37.2423901 127.0844146
37.2402494 127.0855548
37.2410513 127.0853707
37.2399725 127.0828147
37.247553 127.0778467
37.2461376 127.0784651
37.2413572 127.0872747
37.2402699 127.0856453
37.241925 127.0820322
37.2405845 127.085087
37.244622 127.0790764
37.2414548 127.0853897
37.2413413 127.0848531
37.2428119 127.0817108
37.2407401 127.0844467
37.2402955 127.0841889
37.2406696 127.0850852
37.2462725 127.0783656
37.2402831 127.0844371
37.2474412 127.0781661
37.2382951 127.0791727
37.2421906 127.0816759
37.2417516 127.0820709
37.240234 127.0854627
37.2438501 127.0770663
37.2450874 127.0759066
37.2476882 127.0768815
37.2413402 127.0878816
37.2475525 127.0779676
37.2459682 127.0802936
37.2428609 127.0775901
37.2432388 127.0787694
37.2414222 127.0807608
37.240293 127.0798575
37.2403745 127.084439
37.2388537 127.0840162
37.23862 127.0831838
37.2399643 127.0829219
37.2463144 127.0784449
37.2470325 127.0785124
37.2403033 127.0796381
37.240543 127.0827742
37.2470548 127.0789973
37.2434836 127.0789616
37.2455886 127.0804136
37.2406183 127.0848487
37.2402476 127.0824901
37.2438462 127.0797275
37.239881 127.0816176
37.2476879 127.0766409
37.2487608 127.0823232
37.2411686 127.0841692
37.2423572 127.0816594
37.2475804 127.0792951
37.2438873 127.0798242
37.2411415 127.0821516
37.2411002 127.0828483
37.2411185 127.0824096
37.241127 127.0851812
37.2475447 127.0763966
37.24642 127.0805704
37.2410041 127.084704
37.2436585 127.0770915
37.2402016 127.0847767
37.2381201 127.0792102
37.2428534 127.0777096
37.2395177 127.0840413
37.242635 127.080993
37.238956 127.0833385
37.2430687 127.0817223
37.2406487 127.0844448
37.2435635 127.0790288
37.2491964 127.0834087
37.2461982 127.0777067
37.2413418 127.0846163
37.2409922 127.0852529
37.2470832 127.0798433
37.2454653 127.0789382
37.2470421 127.0787528
37.239945 127.0836751
37.2431371 127.0815143
37.2411665 127.0842777
37.2426656 127.0806233
37.2466889 127.0801762
37.2403024 127.0805137
37.2464975 127.0809599
37.2446379 127.0793016
37.2386247 127.0842271
37.2388354 127.0832291
37.2401761 127.0820897
37.2454891 127.0798166
37.2431566 127.0809131
37.2391397 127.0822733
37.239952 127.0831367
37.2441291 127.07914
37.24643 127.0799632
37.2414491 127.0797728
37.2411664 127.0846031
37.2414614 127.0794437
37.2459202 127.0800928
37.2416136 127.0797684
37.2411106 127.082629
37.2424876 127.0816722
37.2400334 127.0841652
37.2430937 127.0806299
37.2414254 127.0805411
37.2427513 127.0806248
37.2403237 127.0795319
37.241134 127.085071
37.2460866 127.0805529
37.2435727 127.0796393
37.246692 127.0799433
37.244513 127.0798176
37.2410007 127.085362
37.2465799 127.0784205
37.247069 127.0794203
37.2459987 127.0799864
37.2456291 127.0806251
37.2437383 127.0832427
37.2462262 127.0784568
37.2413743 127.0831757
37.2411654 127.0843861
37.2438306 127.0795024
37.2455596 127.0799887
37.2435624 127.0770989
37.2422294 127.0808453
37.2420115 127.0820113
37.2416022 127.085274
37.2464592 127.0773672
37.2461688 127.0805717
37.2476897 127.0778438
37.2456878 127.0771367
37.2446299 127.079189
37.2405036 127.0839396
37.244675 127.0796373
37.2421054 127.0816664
37.247552 127.076759
37.2463928 127.0765714
37.2410159 127.0837157
37.240413 127.0839303
37.2425129 127.0842599
37.2402974 127.0806234
37.2406752 127.0833571
37.2377622 127.08294
37.2398234 127.0839086
37.2448021 127.0769168
37.2405045 127.0791571
37.247552 127.078451
37.2475715 127.0811511
37.2413883 127.0825166
37.2399765 127.0827072
37.2431315 127.0836625
37.242633 127.081117
37.2477446 127.0799881
37.2435929 127.0794183
37.2452686 127.0785417
37.247255 127.07735
37.2409932 127.0851431
37.2446998 127.0759073
37.2411892 127.0790954
37.2469313 127.0809323
37.239098 127.083609
37.2446473 127.0794141
37.2431382 127.0812772
37.2418056 127.0814103
37.2488938 127.0826452
37.2413534 127.0841642
37.2408206 127.0842158
37.2426697 127.0763077
37.2414368 127.0801019
37.2405773 127.079099
37.2489106 127.0827222
37.2476906 127.0784453
37.2389432 127.0839742
37.2392566 127.0827551
37.2414086 127.0813098
37.2459927 127.0803939
37.240739 127.082359
37.2406926 127.0825739
37.240383 127.0841942
37.2414442 127.0798825
37.2387662 127.0831478
37.2448386 127.0786178
37.2470938 127.0801605
37.2443327 127.0798311
37.2470234 127.0783999
37.2475825 127.0812562
37.2422887 127.0765058
37.2445439 127.0769471
37.2411381 127.0862416
37.2428369 127.0806267
37.2411015 127.0790892
37.241372 127.0832855
37.2475509 127.0782093
37.2413408 127.0849439
37.2402923 127.0807331
37.2466069 127.0772384
37.2438875 127.0831315
37.2402541 127.0821605
37.2390178 127.0824359
37.240246 127.0850704
37.2443024 127.079117
37.2446691 127.0797478
37.2410145 127.0834362
37.2427772 127.0839753
37.2431646 127.0786941
37.2491556 127.0833106
37.24729 127.077465
37.2455346 127.0800958
37.2413673 127.0835052
37.2413534 127.0877609
37.2406407 127.0823521
37.2387025 127.0832163
37.2393499 127.0839789
37.2414366 127.0802118
37.2402107 127.0843507
37.2414208 127.0809806
37.2472207 127.0767196
37.2454768 127.0792675
37.2416217 127.0798896
37.2382395 127.0826612
37.244675 127.0774099
37.2414057 127.0821531
37.2409252 127.0850833
37.2430081 127.0806299
37.2456878 127.077681
37.2465959 127.0773565
37.2410332 127.085463
37.2410016 127.0848138
37.2413176 127.0821566
37.2391327 127.0826006
37.2445658 127.0772143
37.2398613 127.0841261
37.2415884 127.0795278
37.242503 127.0809057
37.2413979 127.0816391
37.2489514 127.0828203
37.2394792 127.0838934
37.2433704 127.0771202
37.2400967 127.0820427
37.2463991 127.0769377
37.240525 127.08213
37.240395 127.08325
37.2410763 127.0832866
37.2454691 127.079048
37.247327 127.077577
37.2476901 127.0780844
37.2402367 127.0830393
37.2416247 127.0800111
37.2390711 127.0835029
37.2411576 127.0849273
37.2416701 127.0852056
37.2404141 127.0850914
37.2492373 127.0835067
37.2427647 127.0763247
37.2399604 127.0808745
37.2411684 127.08482
37.2439719 127.0798591
37.2422337 127.0766038
37.2464026 127.0784321
37.2423487 127.0764128
37.2403074 127.080404
37.2412962 127.0883657
37.2390246 127.0834093
37.2475542 127.0772424
37.2464581 127.0774752
37.2438401 127.0796148
37.2406854 127.0839456
37.2399505 127.0832444
37.244695 127.0787374
37.2410831 127.0842279
37.2411721 127.0863406
37.248852 127.0825363
37.2436053 127.0803071
37.2399835 127.0823842
37.247128 127.077168
37.2444181 127.0770651
37.2364577 127.080119
37.2463695 127.077653
37.2397373 127.0839079
37.2425781 127.0841875
37.2446024 127.0798009
37.2437308 127.0758907
37.2408476 127.0828728
37.2402606 127.081831
37.2413643 127.0873962
37.2413859 127.0826265
37.2470861 127.0799338
37.246773 127.077037
37.2413479 127.0871535
37.2476891 127.0774829
37.2442314 127.0770127
37.2431211 127.0816284
37.2426433 127.084115
37.2408382 127.0790773
37.2435819 127.0799738
37.2408304 127.0823987
37.2464288 127.0771527
37.2399376 127.0837817
37.2454614 127.0788284
37.2471042 127.0806889
37.2402873 127.0808428
37.2475985 127.0794138
37.2470654 127.0793146
37.2422718 127.0819537
37.2456268 127.0779377
37.2441524 127.0798478
37.2457262 127.0809209
37.2412919 127.085467
37.2402209 127.0853701
37.2416234 127.0801327
37.2475586 127.0790551
37.246661 127.0803829
37.2433189 127.0788364
37.2470796 127.0797376
37.2468691 127.0799282
37.2415379 127.0794006
37.2447232 127.0776414
37.23958 127.0815172
37.2474988 127.0809627
37.2474239 127.0776158
37.2454874 127.0797067
37.2461081 127.0779389
37.2470583 127.0791031
37.2412056 127.0854701
37.2408913 127.0848755
37.2458974 127.078032
37.2413197 127.0869126
37.2418552 127.0808856
37.2444229 127.0798254
37.2402728 127.0812819
37.2439436 127.0770369
37.2478309 127.0802043
